hello 
0 1 
0 2 
0 3 
0 4 
0 5 
0 6 
1 1 
1 2 
1 3 
1 4 
1 5 
1 6 
0 1 
0 2 
0 3 
0 4 
1 1 
1 2 
1 3 
1 4 
2 1 
2 2 
3 1 
4 1 
4 2 
4 3 
4 4 
5 1 
5 2 
5 3 
5 4 
6 1 
6 2 
6 3 
6 4 
7 1 
7 2 
7 3 
7 4 
8 1 
8 2 
8 3 
8 4 
9 1 
9 2 
10 1 
11 1 
11 2 
11 3 
11 4 
12 1 
12 2 
12 3 
12 4 
13 1 
13 2 
13 3 
13 4 
14 1 
14 2 
14 3 
14 4 
15 1 
15 2 
15 3 
15 4 
16 1 
16 2 
17 1 
18 1 
18 2 
18 3 
18 4 
19 1 
19 2 
19 3 
19 4 
20 1 
20 2 
20 3 
20 4 
21 1 
21 2 
21 3 
21 4 
22 1 
22 2 
22 3 
22 4 
23 1 
23 2 
24 1 
25 1 
25 2 
25 3 
25 4 
26 1 
26 2 
26 3 
26 4 
27 1 
27 2 
27 3 
27 4 
28 1 
28 2 
28 3 
28 4 
29 1 
29 2 
29 3 
29 4 
30 1 
30 2 
31 1 
32 1 
32 2 
32 3 
32 4 
33 1 
33 2 
33 3 
33 4 
34 1 
34 2 
34 3 
34 4 
35 1 
35 2 
35 3 
35 4 
36 1 
36 2 
36 3 
36 4 
37 1 
37 2 
38 1 
39 1 
39 2 
39 3 
39 4 
40 1 
40 2 
40 3 
40 4 
41 1 
41 2 
41 3 
41 4 
42 1 
42 2 
42 3 
42 4 
43 1 
43 2 
43 3 
43 4 
44 1 
44 2 
45 1 
46 1 
46 2 
46 3 
46 4 
47 1 
47 2 
47 3 
47 4 
48 1 
48 2 
48 3 
48 4 
49 1 
49 2 
49 3 
49 4 
50 1 
50 2 
50 3 
50 4 
51 1 
51 2 
52 1 
53 1 
53 2 
53 3 
53 4 
54 1 
54 2 
54 3 
54 4 
55 1 
55 2 
55 3 
55 4 
56 1 
56 2 
56 3 
56 4 
57 1 
57 2 
57 3 
57 4 
58 1 
58 2 
59 1 
60 1 
60 2 
60 3 
60 4 
61 1 
61 2 
61 3 
61 4 
62 1 
0 1 
0 2 
0 3 
1 1 
1 2 
1 3 
2 1 
4 1 
4 2 
4 3 
5 1 
5 2 
5 3 
6 1 
6 2 
6 3 
7 1 
7 2 
7 3 
8 1 
8 2 
8 3 
9 1 
11 1 
11 2 
11 3 
12 1 
12 2 
12 3 
13 1 
13 2 
13 3 
14 1 
14 2 
14 3 
15 1 
15 2 
15 3 
16 1 
18 1 
18 2 
18 3 
19 1 
19 2 
19 3 
20 1 
20 2 
20 3 
21 1 
21 2 
21 3 
22 1 
22 2 
22 3 
23 1 
25 1 
25 2 
25 3 
26 1 
26 2 
26 3 
27 1 
27 2 
27 3 
28 1 
28 2 
28 3 
29 1 
29 2 
29 3 
30 1 
32 1 
32 2 
32 3 
33 1 
33 2 
33 3 
34 1 
34 2 
34 3 
35 1 
35 2 
35 3 
36 1 
36 2 
36 3 
37 1 
39 1 
39 2 
39 3 
40 1 
40 2 
40 3 
41 1 
41 2 
41 3 
42 1 
42 2 
42 3 
43 1 
43 2 
43 3 
44 1 
46 1 
46 2 
46 3 
47 1 
47 2 
47 3 
48 1 
48 2 
48 3 
49 1 
49 2 
49 3 
50 1 
50 2 
50 3 
51 1 
53 1 
53 2 
53 3 
54 1 
54 2 
54 3 
55 1 
55 2 
55 3 
56 1 
56 2 
56 3 
57 1 
57 2 
57 3 
58 1 
60 1 
60 2 
60 3 
61 1 
61 2 
61 3 
62 1 
62 2 
62 3 
63 1 
63 2 
63 3 
64 1 
64 2 
64 3 
65 1 
67 1 
67 2 
67 3 
68 1 
68 2 
68 3 
69 1 
69 2 
69 3 
70 1 
70 2 
70 3 
71 1 
71 2 
71 3 
72 1 
74 1 
74 2 
74 3 
75 1 
75 2 
75 3 
76 1 
76 2 
76 3 
77 1 
77 2 
77 3 
78 1 
78 2 
78 3 
79 1 
81 1 
81 2 
81 3 
82 1 
82 2 
82 3 
83 1 
83 2 
83 3 
84 1 
84 2 
84 3 
85 1 
85 2 
85 3 
86 1 
88 1 
88 2 
88 3 
89 1 
89 2 
89 3 
90 1 
90 2 
90 3 
91 1 
91 2 
91 3 
92 1 
92 2 
92 3 
93 1 
95 1 
95 2 
95 3 
96 1 
96 2 
96 3 
97 1 
97 2 
97 3 
98 1 
98 2 
98 3 
99 1 
99 2 
99 3 
100 1 
102 1 
102 2 
102 3 
103 1 
103 2 
103 3 
104 1 
104 2 
104 3 
105 1 
105 2 
105 3 
106 1 
106 2 
106 3 
107 1 
109 1 
109 2 
109 3 
110 1 
110 2 
110 3 
111 1 
111 2 
111 3 
112 1 
112 2 
112 3 
113 1 
113 2 
113 3 
114 1 
116 1 
116 2 
116 3 
117 1 
117 2 
117 3 
118 1 
118 2 
118 3 
119 1 
119 2 
119 3 
120 1 
120 2 
120 3 
121 1 
123 1 
123 2 
123 3 
124 1 
124 2 
124 3 
125 1 
125 2 
125 3 
126 1 
126 2 
126 3 
127 1 
127 2 
127 3 
128 1 
130 1 
130 2 
130 3 
131 1 
131 2 
131 3 
132 1 
132 2 
132 3 
133 1 
133 2 
133 3 
134 1 
134 2 
134 3 
135 1 
137 1 
137 2 
137 3 
138 1 
138 2 
138 3 
139 1 
139 2 
139 3 
140 1 
140 2 
140 3 
141 1 
141 2 
141 3 
142 1 
144 1 
144 2 
144 3 
145 1 
145 2 
145 3 
146 1 
146 2 
146 3 
147 1 
147 2 
147 3 
148 1 
148 2 
148 3 
149 1 
151 1 
151 2 
151 3 
152 1 
152 2 
152 3 
153 1 
153 2 
153 3 
154 1 
154 2 
154 3 
155 1 
155 2 
155 3 
156 1 
158 1 
158 2 
158 3 
159 1 
159 2 
159 3 
160 1 
160 2 
160 3 
161 1 
161 2 
161 3 
162 1 
162 2 
162 3 
163 1 
165 1 
165 2 
165 3 
166 1 
166 2 
166 3 
167 1 
167 2 
167 3 
168 1 
168 2 
168 3 
169 1 
169 2 
169 3 
170 1 
172 1 
172 2 
172 3 
173 1 
173 2 
173 3 
174 1 
174 2 
174 3 
175 1 
175 2 
175 3 
176 1 
176 2 
176 3 
177 1 
179 1 
179 2 
179 3 
180 1 
180 2 
180 3 
181 1 
181 2 
181 3 
182 1 
182 2 
182 3 
183 1 
183 2 
183 3 
184 1 
186 1 
186 2 
186 3 
187 1 
187 2 
187 3 
188 1 
188 2 
188 3 
189 1 
189 2 
189 3 
190 1 
190 2 
190 3 
191 1 
193 1 
193 2 
193 3 
194 1 
194 2 
194 3 
195 1 
195 2 
195 3 
196 1 
196 2 
196 3 
197 1 
197 2 
197 3 
198 1 
200 1 
200 2 
200 3 
201 1 
201 2 
201 3 
202 1 
202 2 
202 3 
203 1 
203 2 
203 3 
204 1 
204 2 
204 3 
205 1 
207 1 
207 2 
207 3 
208 1 
208 2 
208 3 
209 1 
209 2 
209 3 
210 1 
210 2 
210 3 
211 1 
211 2 
211 3 
212 1 
214 1 
214 2 
214 3 
215 1 
215 2 
215 3 
216 1 
216 2 
216 3 
217 1 
217 2 
217 3 
218 1 
218 2 
218 3 
219 1 
221 1 
221 2 
221 3 
222 1 
222 2 
222 3 
223 1 
223 2 
223 3 
224 1 
224 2 
224 3 
225 1 
225 2 
225 3 
226 1 
228 1 
228 2 
228 3 
229 1 
229 2 
229 3 
230 1 
230 2 
230 3 
231 1 
231 2 
231 3 
232 1 
232 2 
232 3 
233 1 
235 1 
235 2 
235 3 
236 1 
236 2 
236 3 
237 1 
237 2 
237 3 
238 1 
238 2 
238 3 
239 1 
239 2 
239 3 
240 1 
242 1 
242 2 
242 3 
243 1 
243 2 
243 3 
244 1 
244 2 
244 3 
245 1 
245 2 
245 3 
246 1 
246 2 
246 3 
247 1 
249 1 
249 2 
249 3 
250 1 
250 2 
250 3 
251 1 
251 2 
251 3 
252 1 
252 2 
252 3 
253 1 
253 2 
253 3 
254 1 
256 1 
256 2 
256 3 
257 1 
257 2 
257 3 
258 1 
258 2 
258 3 
259 1 
259 2 
259 3 
260 1 
260 2 
260 3 
261 1 
263 1 
263 2 
263 3 
264 1 
264 2 
264 3 
265 1 
265 2 
265 3 
266 1 
266 2 
266 3 
267 1 
267 2 
267 3 
268 1 
270 1 
270 2 
270 3 
271 1 
271 2 
271 3 
272 1 
272 2 
272 3 
273 1 
273 2 
273 3 
274 1 
274 2 
274 3 
275 1 
277 1 
277 2 
277 3 
278 1 
278 2 
278 3 
279 1 
279 2 
279 3 
280 1 
280 2 
280 3 
281 1 
281 2 
281 3 
282 1 
284 1 
284 2 
284 3 
285 1 
285 2 
285 3 
286 1 
286 2 
286 3 
287 1 
287 2 
287 3 
288 1 
288 2 
288 3 
289 1 
291 1 
291 2 
291 3 
292 1 
292 2 
292 3 
293 1 
293 2 
293 3 
294 1 
294 2 
294 3 
295 1 
295 2 
295 3 
296 1 
298 1 
298 2 
298 3 
299 1 
299 2 
299 3 
300 1 
300 2 
300 3 
301 1 
301 2 
301 3 
302 1 
302 2 
302 3 
303 1 
305 1 
305 2 
305 3 
306 1 
306 2 
306 3 
307 1 
307 2 
307 3 
308 1 
308 2 
308 3 
309 1 
309 2 
309 3 
310 1 
312 1 
312 2 
312 3 
313 1 
313 2 
313 3 
314 1 
314 2 
314 3 
315 1 
315 2 
315 3 
316 1 
316 2 
316 3 
317 1 
319 1 
319 2 
319 3 
320 1 
320 2 
320 3 
321 1 
321 2 
321 3 
322 1 
322 2 
322 3 
323 1 
323 2 
323 3 
324 1 
326 1 
326 2 
326 3 
327 1 
327 2 
327 3 
328 1 
328 2 
328 3 
329 1 
329 2 
329 3 
330 1 
330 2 
330 3 
331 1 
333 1 
333 2 
333 3 
334 1 
334 2 
334 3 
335 1 
335 2 
335 3 
336 1 
336 2 
336 3 
337 1 
337 2 
337 3 
338 1 
340 1 
340 2 
340 3 
341 1 
341 2 
341 3 
342 1 
342 2 
342 3 
343 1 
343 2 
343 3 
344 1 
344 2 
344 3 
345 1 
347 1 
347 2 
347 3 
348 1 
348 2 
348 3 
349 1 
349 2 
349 3 
350 1 
350 2 
350 3 
351 1 
351 2 
351 3 
352 1 
354 1 
354 2 
354 3 
355 1 
355 2 
355 3 
356 1 
356 2 
356 3 
357 1 
357 2 
357 3 
358 1 
358 2 
358 3 
359 1 
361 1 
361 2 
361 3 
362 1 
362 2 
362 3 
363 1 
363 2 
363 3 
364 1 
364 2 
364 3 
365 1 
365 2 
365 3 
1 1 
1 2 
2 1 
2 2 
3 1 
3 2 
4 1 
4 2 
5 1 
5 2 
8 1 
8 2 
9 1 
9 2 
10 1 
10 2 
11 1 
11 2 
12 1 
12 2 
15 1 
15 2 
16 1 
16 2 
17 1 
17 2 
18 1 
18 2 
19 1 
19 2 
22 1 
22 2 
23 1 
23 2 
24 1 
24 2 
25 1 
25 2 
26 1 
26 2 
29 1 
29 2 
30 1 
30 2 
31 1 
31 2 
32 1 
32 2 
33 1 
33 2 
36 1 
36 2 
37 1 
37 2 
38 1 
38 2 
39 1 
39 2 
40 1 
40 2 
43 1 
43 2 
44 1 
44 2 
45 1 
45 2 
46 1 
46 2 
47 1 
47 2 
50 1 
50 2 
51 1 
51 2 
52 1 
52 2 
53 1 
53 2 
54 1 
54 2 
57 1 
57 2 
58 1 
58 2 
59 1 
59 2 
60 1 
60 2 
61 1 
61 2 
64 1 
64 2 
65 1 
65 2 
66 1 
66 2 
67 1 
67 2 
68 1 
68 2 
71 1 
71 2 
72 1 
72 2 
73 1 
73 2 
74 1 
74 2 
75 1 
75 2 
78 1 
78 2 
79 1 
79 2 
80 1 
80 2 
81 1 
81 2 
82 1 
82 2 
85 1 
85 2 
86 1 
86 2 
87 1 
87 2 
88 1 
88 2 
89 1 
89 2 
92 1 
92 2 
93 1 
93 2 
94 1 
94 2 
95 1 
95 2 
96 1 
96 2 
99 1 
99 2 
100 1 
100 2 
101 1 
101 2 
102 1 
102 2 
103 1 
103 2 
106 1 
106 2 
107 1 
107 2 
108 1 
108 2 
109 1 
109 2 
110 1 
110 2 
113 1 
113 2 
114 1 
114 2 
115 1 
115 2 
116 1 
116 2 
117 1 
117 2 
120 1 
120 2 
121 1 
121 2 
122 1 
122 2 
123 1 
123 2 
124 1 
124 2 
127 1 
127 2 
128 1 
128 2 
129 1 
129 2 
130 1 
130 2 
131 1 
131 2 
134 1 
134 2 
135 1 
135 2 
136 1 
136 2 
137 1 
137 2 
138 1 
138 2 
141 1 
141 2 
142 1 
142 2 
143 1 
143 2 
144 1 
144 2 
145 1 
145 2 
148 1 
148 2 
149 1 
149 2 
150 1 
150 2 
151 1 
151 2 
152 1 
152 2 
155 1 
155 2 
156 1 
156 2 
157 1 
157 2 
158 1 
158 2 
159 1 
159 2 
162 1 
162 2 
163 1 
163 2 
164 1 
164 2 
165 1 
165 2 
166 1 
166 2 
169 1 
169 2 
170 1 
170 2 
171 1 
171 2 
172 1 
172 2 
173 1 
173 2 
176 1 
176 2 
177 1 
177 2 
178 1 
178 2 
179 1 
179 2 
180 1 
180 2 
183 1 
183 2 
184 1 
184 2 
185 1 
185 2 
186 1 
186 2 
187 1 
187 2 
190 1 
190 2 
191 1 
191 2 
192 1 
192 2 
193 1 
193 2 
194 1 
194 2 
197 1 
197 2 
198 1 
198 2 
199 1 
199 2 
200 1 
200 2 
201 1 
201 2 
204 1 
204 2 
205 1 
205 2 
206 1 
206 2 
207 1 
207 2 
208 1 
208 2 
211 1 
211 2 
212 1 
212 2 
213 1 
213 2 
214 1 
214 2 
215 1 
215 2 
218 1 
218 2 
219 1 
219 2 
220 1 
220 2 
221 1 
221 2 
222 1 
222 2 
225 1 
225 2 
226 1 
226 2 
227 1 
227 2 
228 1 
228 2 
229 1 
229 2 
232 1 
232 2 
233 1 
233 2 
234 1 
234 2 
235 1 
235 2 
236 1 
236 2 
239 1 
239 2 
240 1 
240 2 
241 1 
241 2 
242 1 
242 2 
243 1 
243 2 
246 1 
246 2 
247 1 
247 2 
248 1 
248 2 
249 1 
249 2 
250 1 
250 2 
253 1 
253 2 
254 1 
254 2 
255 1 
255 2 
256 1 
256 2 
257 1 
257 2 
260 1 
260 2 
261 1 
261 2 
262 1 
262 2 
263 1 
263 2 
264 1 
264 2 
267 1 
267 2 
268 1 
268 2 
269 1 
269 2 
270 1 
270 2 
271 1 
271 2 
274 1 
274 2 
275 1 
275 2 
276 1 
276 2 
277 1 
277 2 
278 1 
278 2 
281 1 
281 2 
282 1 
282 2 
283 1 
283 2 
284 1 
284 2 
285 1 
285 2 
288 1 
288 2 
289 1 
289 2 
290 1 
290 2 
291 1 
291 2 
292 1 
292 2 
295 1 
295 2 
296 1 
296 2 
297 1 
297 2 
298 1 
298 2 
299 1 
299 2 
302 1 
302 2 
303 1 
303 2 
304 1 
304 2 
305 1 
305 2 
306 1 
306 2 
309 1 
309 2 
310 1 
310 2 
311 1 
311 2 
312 1 
312 2 
313 1 
313 2 
316 1 
316 2 
317 1 
317 2 
318 1 
318 2 
319 1 
319 2 
320 1 
320 2 
1 1 
1 2 
1 3 
2 1 
2 2 
2 3 
3 1 
3 2 
3 3 
4 1 
4 2 
4 3 
5 1 
5 2 
5 3 
6 1 
6 2 
6 3 
8 1 
8 2 
8 3 
9 1 
9 2 
9 3 
10 1 
10 2 
10 3 
11 1 
11 2 
11 3 
12 1 
12 2 
12 3 
13 1 
13 2 
13 3 
15 1 
15 2 
15 3 
16 1 
16 2 
16 3 
17 1 
17 2 
17 3 
18 1 
18 2 
18 3 
19 1 
19 2 
19 3 
20 1 
20 2 
20 3 
22 1 
22 2 
22 3 
23 1 
23 2 
23 3 
24 1 
24 2 
24 3 
25 1 
25 2 
25 3 
26 1 
26 2 
26 3 
27 1 
27 2 
27 3 
29 1 
29 2 
29 3 
30 1 
30 2 
30 3 
31 1 
31 2 
31 3 
32 1 
32 2 
32 3 
33 1 
33 2 
33 3 
34 1 
34 2 
34 3 
36 1 
36 2 
36 3 
37 1 
37 2 
37 3 
38 1 
38 2 
38 3 
39 1 
39 2 
39 3 
40 1 
40 2 
40 3 
41 1 
41 2 
41 3 
43 1 
43 2 
43 3 
44 1 
44 2 
44 3 
45 1 
45 2 
45 3 
46 1 
46 2 
46 3 
47 1 
47 2 
47 3 
48 1 
48 2 
48 3 
50 1 
50 2 
50 3 
51 1 
51 2 
51 3 
52 1 
52 2 
52 3 
53 1 
53 2 
53 3 
54 1 
54 2 
54 3 
55 1 
55 2 
55 3 
57 1 
57 2 
57 3 
58 1 
58 2 
58 3 
59 1 
59 2 
59 3 
60 1 
60 2 
60 3 
61 1 
61 2 
61 3 
62 1 
62 2 
62 3 
64 1 
64 2 
64 3 
65 1 
65 2 
65 3 
66 1 
66 2 
66 3 
67 1 
67 2 
67 3 
68 1 
68 2 
68 3 
69 1 
69 2 
69 3 
71 1 
71 2 
71 3 
72 1 
72 2 
72 3 
73 1 
73 2 
73 3 
74 1 
74 2 
74 3 
75 1 
75 2 
75 3 
76 1 
76 2 
76 3 
78 1 
78 2 
78 3 
79 1 
79 2 
79 3 
80 1 
80 2 
80 3 
81 1 
81 2 
81 3 
82 1 
82 2 
82 3 
83 1 
83 2 
83 3 
85 1 
85 2 
85 3 
86 1 
86 2 
86 3 
87 1 
87 2 
87 3 
88 1 
88 2 
88 3 
89 1 
89 2 
89 3 
90 1 
90 2 
90 3 
92 1 
92 2 
92 3 
93 1 
93 2 
93 3 
94 1 
94 2 
94 3 
95 1 
95 2 
95 3 
96 1 
96 2 
96 3 
97 1 
97 2 
97 3 
99 1 
99 2 
99 3 
100 1 
100 2 
100 3 
101 1 
101 2 
101 3 
102 1 
102 2 
102 3 
103 1 
103 2 
103 3 
104 1 
104 2 
104 3 
106 1 
106 2 
106 3 
107 1 
107 2 
107 3 
108 1 
108 2 
108 3 
109 1 
109 2 
109 3 
110 1 
110 2 
110 3 
111 1 
111 2 
111 3 
113 1 
113 2 
113 3 
114 1 
114 2 
114 3 
115 1 
115 2 
115 3 
116 1 
116 2 
116 3 
117 1 
117 2 
117 3 
118 1 
118 2 
118 3 
120 1 
120 2 
120 3 
121 1 
121 2 
121 3 
122 1 
122 2 
122 3 
123 1 
123 2 
123 3 
124 1 
124 2 
124 3 
125 1 
125 2 
125 3 
127 1 
127 2 
127 3 
128 1 
128 2 
128 3 
129 1 
129 2 
129 3 
130 1 
130 2 
130 3 
131 1 
131 2 
131 3 
132 1 
132 2 
132 3 
134 1 
134 2 
134 3 
135 1 
135 2 
135 3 
136 1 
136 2 
136 3 
137 1 
137 2 
137 3 
138 1 
138 2 
138 3 
139 1 
139 2 
139 3 
141 1 
141 2 
141 3 
142 1 
142 2 
142 3 
143 1 
143 2 
143 3 
144 1 
144 2 
144 3 
145 1 
145 2 
145 3 
146 1 
146 2 
146 3 
148 1 
148 2 
148 3 
149 1 
149 2 
149 3 
150 1 
150 2 
150 3 
151 1 
151 2 
151 3 
152 1 
152 2 
152 3 
153 1 
153 2 
153 3 
155 1 
155 2 
155 3 
156 1 
156 2 
156 3 
157 1 
157 2 
157 3 
158 1 
158 2 
158 3 
159 1 
159 2 
159 3 
160 1 
160 2 
160 3 
162 1 
162 2 
162 3 
163 1 
163 2 
163 3 
164 1 
164 2 
164 3 
165 1 
165 2 
165 3 
166 1 
166 2 
166 3 
167 1 
167 2 
167 3 
169 1 
169 2 
169 3 
170 1 
170 2 
170 3 
171 1 
171 2 
171 3 
172 1 
172 2 
172 3 
173 1 
173 2 
173 3 
174 1 
174 2 
174 3 
176 1 
176 2 
176 3 
177 1 
177 2 
177 3 
178 1 
178 2 
178 3 
179 1 
179 2 
179 3 
180 1 
180 2 
180 3 
181 1 
181 2 
181 3 
183 1 
183 2 
183 3 
184 1 
184 2 
184 3 
185 1 
185 2 
185 3 
186 1 
186 2 
186 3 
187 1 
187 2 
187 3 
188 1 
188 2 
188 3 
190 1 
190 2 
190 3 
191 1 
191 2 
191 3 
192 1 
192 2 
192 3 
193 1 
193 2 
193 3 
194 1 
194 2 
194 3 
195 1 
195 2 
195 3 
197 1 
197 2 
197 3 
198 1 
198 2 
198 3 
199 1 
199 2 
199 3 
200 1 
200 2 
200 3 
201 1 
201 2 
201 3 
202 1 
202 2 
202 3 
204 1 
204 2 
204 3 
205 1 
205 2 
205 3 
206 1 
206 2 
206 3 
207 1 
207 2 
207 3 
208 1 
208 2 
208 3 
209 1 
209 2 
209 3 
211 1 
211 2 
211 3 
212 1 
212 2 
212 3 
213 1 
213 2 
213 3 
214 1 
214 2 
214 3 
215 1 
215 2 
215 3 
216 1 
216 2 
216 3 
218 1 
218 2 
218 3 
219 1 
219 2 
219 3 
220 1 
220 2 
220 3 
221 1 
221 2 
221 3 
222 1 
222 2 
222 3 
223 1 
223 2 
223 3 
225 1 
225 2 
225 3 
226 1 
226 2 
226 3 
227 1 
227 2 
227 3 
228 1 
228 2 
228 3 
229 1 
229 2 
229 3 
230 1 
230 2 
230 3 
232 1 
232 2 
232 3 
233 1 
233 2 
233 3 
234 1 
234 2 
234 3 
235 1 
235 2 
235 3 
236 1 
236 2 
236 3 
237 1 
237 2 
237 3 
239 1 
239 2 
239 3 
240 1 
240 2 
240 3 
241 1 
241 2 
241 3 
242 1 
242 2 
242 3 
243 1 
243 2 
243 3 
244 1 
244 2 
244 3 
246 1 
246 2 
246 3 
247 1 
247 2 
247 3 
248 1 
248 2 
248 3 
249 1 
249 2 
249 3 
250 1 
250 2 
250 3 
251 1 
251 2 
251 3 
253 1 
253 2 
253 3 
254 1 
254 2 
254 3 
255 1 
255 2 
255 3 
256 1 
256 2 
256 3 
257 1 
257 2 
257 3 
258 1 
258 2 
258 3 
260 1 
260 2 
260 3 
261 1 
261 2 
261 3 
262 1 
262 2 
262 3 
263 1 
263 2 
263 3 
264 1 
264 2 
264 3 
265 1 
265 2 
265 3 
267 1 
267 2 
267 3 
268 1 
268 2 
268 3 
269 1 
269 2 
269 3 
270 1 
270 2 
270 3 
271 1 
271 2 
271 3 
272 1 
272 2 
272 3 
274 1 
